18974
18977
18982
18997
19016
19041
19040
19073
19096
19089
19082
19072
19072
19086
19101
19124
19123
19154
19187
19225
19225
19256
19267
19274
19280
19289
19305
19324
19324
19349
19375
19404
19404
19437
19468
19486
19499
19511
19523
19523
19541
19557
19578
19599
19620
19620
19646
19666
19674
19679
19683
19689
19698
19706
19720
19736
19736
19751
19767
19782
19796
19790
19783
19772
19764
19756
19754
19753
19756
19757
19766
19770
19781
19772
19745
19745
19716
19688
19666
19647
19633
19633
19627
19623
19621
19614
19574
19522
19522
19486
19450
19450
19432
19417
19407
19401
19397
19394
19351
19350
19306
19268
19268
19246
19233
19226
19228
19233
19231
19182
19182
19148
19122
19102
19097
19094
19095
19104
19117
19126
19093
19092
19070
19059
19057
19062
19076
19087
19087
19099
19102
19077
19077
19072
19072
19075
19075
19086
19106
19125
19106
19073
19073
19049
19035
19025
19024
19030
19041
19050
19031
18998
18976
18962
18962
18959
18965
18964
18975
18978
18978
18943
18921
18911
18908
18912
18922
18935
18950
18965
18948
18911
18875
18874
18854
18845
18847
18853
18865
18876
18876
18882
18882
18847
18812
18793
18779
18776
18781
18790
18802
18818
18840
18860
18855
18832
18811
18796
18790
18792
18802
18817
18837
18862
18862
18884
18898
18888
18883
18879
18882
18893
18909
18926
18949
18948
18972
18970
18957
18956
18944
18940
18941
18950
18950
18966
18985
19006
19026
19025
19011
18993
18974
18966
18964
18965
18972
18982
18997
19015
19035
19050
19040
19022
19001
18986
18979
18976
18983
18987
18997
19009
19026
19041
19047
19026
19005
18987
18979
18967
18965
18964
18967
18978
18987
19000
19003
18977
18952
18929
18929
18913
18908
18908
18910
18914
18924
18935
18932
18898
18873
18849
18830
18815
18810
18808
18809
18818
18831
18845
18830
18812
18802
18801
18798
18799
18805
18804
18814
18819
18819
18787
18761
18746
18738
18734
18737
18746
18761
18761
18726
18725
18694
18674
18663
18662
18669
18678
18694
18709
18691
18658
18625
18607
18596
18602
18616
18628
18649
18671
18676
18647
18616
18592
18592
18588
18593
18603
18603
18621
18640
18665
18683
18664
18641
18614
18601
18595
18599
18606
18618
18634
18653
18678
18705
18705
18691
18673
18665
18657
18661
18671
18683
18702
18702
18726
18731
18719
18708
18694
18691
18696
18704
18713
18729
18747
18768
18787
18787
18772
18758
18748
18744
18747
18756
18764
18780
18797
18797
18812
18803
18793
18782
18780
18784
18794
18809
18828
18848
18870
18894
18893
18893
18887
18885
18888
18888
18899
18912
18929
18945
18963
18968
18953
18936
18916
18905
18900
18899
18902
18913
18924
18937
18950
18941
18900
18886
18878
18878
18880
18888
18902
18914
18927
18940
18930
18920
18909
18908
18906
18911
18919
18930
18946
18961
18963
18954
18938
18927
18922
18927
18933
18946
18958
18978
18977
18977
18976
18959
18949
18945
18949
18958
18968
18968
18985
19005
19024
19019
19006
18986
18975
18970
18972
18979
18990
19008
19025
19047
19065
19067
19058
19048
19039
19034
19038
19047
19058
19072
19071
19088
19107
19118
19114
19105
19096
19092
19091
19098
19102
19112
19126
19139
19157
19170
19164
19157
19148
19145
19145
19151
19158
19168
19168
19182
19198
19207
19203
19192
19184
19179
19179
19182
19189
19196
19207
19216
19226
19216
19212
19209
19211
19214
19220
19229
19238
19248
19262
19258
19247
19230
19218
19208
19208
19214
19223
19233
19237
19219
19198
19198
19182
19171
19167
19165
19164
19168
19173
19165
19137
19106
19076
19076
19063
19056
19053
19058
19062
19069
19066
19041
19009
18982
18965
18965
18960
18962
18970
18970
18979
18989
18980
18962
18961
18946
18937
18937
18939
18947
18959
18970
18969
18984
18973
18973
18949
18936
18927
18927
18928
18937
18947
18960
18965
18952
18935
18928
18922
18928
18938
18951
18966
18966
18990
19008
19007
19004
18997
18999
19003
19016
19031
19049
19067
19067
19090
19111
19110
19106
19097
19096
19100
19107
19119
19130
19147
19169
19169
19194
19209
19209
19203
19196
19195
19204
19215
19226
19243
19262
19284
19284
19302
19301
19291
19277
19268
19268
19269
19269
19274
19282
19287
19298
19308
19325
19322
19299
19272
19272
19254
19237
19226
19224
19221
19220
19221
19227
19239
19246
19221
19182
19182
19144
19109
19083
19082
19071
19063
19060
19061
19064
19071
19062
19024
18990
18989
18963
18943
18931
18924
18923
18926
18935
18944
18917
18877
18877
18848
18830
18819
18818
18822
18830
18843
18863
18879
18858
18822
18781
18780
18760
18746
18744
18745
18753
18770
18790
18789
18802
18801
18769
18732
18714
18700
18700
18706
18716
18731
18752
18771
18796
18795
18795
18758
18723
18703
18703
18698
18699
18698
18711
18728
18750
18773
18779
18748
18715
18714
18699
18689
18690
18695
18695
18717
18742
18768
18789
18770
18748
18720
18703
18688
18688
18687
18699
18714
18739
18764
18790
18789
18787
18786
18760
18740
18732
18729
18736
18745
18756
18773
18794
18793
18822
18842
18825
18808
18789
18778
18777
18782
18789
18799
18814
18836
18858
18882
18882
18872
18872
18849
18836
18826
18823
18825
18835
18847
18863
18882
18882
18881
18855
18829
18812
18800
18797
18802
18811
18823
18839
18859
18859
18867
18867
18844
18819
18807
18804
18804
18812
18823
18842
18861
18861
18885
18900
18889
18876
18863
18858
18861
18869
18884
18901
18924
18951
18951
18979
18987
18985
18985
18987
18993
19009
19048
19048
19075
19105
19129
