17252
17246
17243
17252
17250
17264
17263
17256
17249
17261
17264
17262
17259
17269
17266
17265
17276
17035
17037
17047
17052
17051
17054
17071
17074
17079
17069
17067
17069
17074
17064
17067
17072
17070
17069
17066
17061
17063
17067
17061
17058
17064
17064
17061
17061
17055
17057
17059
17055
17058
17053
17050
17050
17055
17049
17046
17053
17047
17044
17051
17040
17036
17031
17032
17032
17032
17034
17035
17033
17277
17277
17274
17254
17251
17237
17230
17234
17233
17215
17219
17204
17198
17190
17185
17191
17194
17194
17193
17205
17206
17213
17223
17214
17225
17222
17224
17226
17240
17243
17244
17251
17255
17266
17270
17276
17277
17033
17026
17274
17272
17273
17266
17264
17262
17254
17260
17256
17256
17254
17253
17252
17239
17232
17232
17230
17232
17221
17226
17222
17230
17224
17229
17228
17234
17230
17243
17239
17252
17246
17255
17255
17262
17260
17266
17257
17255
17244
17249
17239
17233
17232
17226
17232
17237
17225
17230
17238
17229
17231
17230
17228
17222
17221
17219
17221
17227
17230
17228
17235
17238
17232
17235
17242
17243
17241
17249
17251
17263
17259
17266
17272
17269
17275
17267
17268
17268
17265
17253
17248
17241
17234
17219
17211
17204
17207
17198
17194
17185
17192
17183
17183
17184
17177
17190
17191
17196
17192
17201
17209
17209
17205
17202
17209
17209
17215
17217
17215
17217
17229
17231
17226
17213
17202
17196
17194
17189
17183
17181
17171
17176
17177
17175
17174
17170
17165
17164
17159
17160
16893
16888
16893
16893
16889
16888
16894
16888
16891
16886
16895
16884
17152
16889
16894
17152
17158
17157
17158
17162
17161
17166
17163
17153
16863
16847
16848
16845
16839
16821
16825
16820
16822
16817
16811
16804
16809
16801
16802
16806
16812
16811
16820
16812
16810
16811
16820
16826
16835
16829
16837
16833
16836
16838
16845
16852
16845
16840
16831
16825
16811
16803
16796
16784
16781
16774
17022
17018
17005
16996
16993
16991
16997
16990
16993
16987
16999
16994
16987
16990
16986
16988
16989
16999
16993
16993
16999
16996
17000
17009
17013
17014
17020
16771
16768
17013
16999
16987
16973
16968
16957
16943
16941
16934
16925
16920
16905
16907
16907
16897
16628
16632
16633
16625
16619
16625
16627
16625
16629
16628
16632
16636
16632
16906
16634
16899
16903
16905
16913
16919
16920
16927
16934
16934
16936
16945
16946
16944
16957
16966
16967
16977
16982
16977
16982
16966
16951
16940
16627
16626
16618
16607
16605
16602
16595
16593
16594
16581
16589
16587
16597
16595
16593
16608
16604
16607
16614
16619
16619
16623
16631
16639
16898
16911
16920
16920
16923
16931
16934
16941
16946
16952
16957
16970
16967
16948
16946
16927
16925
16908
16909
16901
16900
16636
16631
16621
16615
16605
16601
16598
16601
16603
16598
16590
16588
16585
16593
16593
16591
16586
16594
16593
16597
16594
16602
16603
16607
16599
16608
16613
16609
16619
16621
16633
16897
16913
16912
16914
16927
16923
16933
16937
16934
16932
16910
16913
16907
16898
16639
16628
16630
16627
16622
16617
16609
16609
16609
16605
16601
16601
16591
16605
16605
16606
16608
16608
16614
16611
16623
16621
16630
16624
16638
16638
16897
16904
16912
16914
16912
16918
16931
16932
16944
16948
16949
16978
16978
16989
16994
17002
16994
16999
16984
16974
16972
16957
16956
16947
16946
16942
16939
16932
16929
16923
16924
16910
16904
16913
16909
16908
16907
16907
16916
16913
16913
16920
16918
16924
16927
16935
16942
16941
16947
16948
16956
16953
16965
16962
16971
16974
17003
17006
17003
16994
16976
16958
16967
16952
16946
16938
16936
16933
16925
16922
16915
16636
16638
16638
16638
16636
16639
16900
16904
16907
16908
16906
16916
16911
16910
16936
16928
16945
16935
16929
16937
16937
16945
16955
16951
16947
16928
16917
16907
16896
16636
16623
16624
16606
16593
16589
16584
16583
16575
16569
16562
16558
16562
16559
16562
16553
16560
16561
16562
16564
16563
16562
16571
16574
16576
16579
16580
16587
16570
16570
16559
16544
16534
16527
16521
16512
16758
16747
16740
16738
16723
16711
16705
16692
16683
16678
16678
16668
16661
16660
16659
16664
16655
16659
16658
16653
16652
16658
16655
16654
16659
16648
16650
16656
16662
16660
16662
16664
16674
16680
16668
16675
16667
16652
16371
16363
16355
16352
16343
16330
16331
16328
16317
16306
16303
16300
16295
16295
16298
16293
16295
16299
16299
16298
16305
16303
16305
16316
16320
16317
16322
16329
16333
16339
16348
16354
16356
16364
16376
16376
16645
16653
16650
16657
16657
16645
16645
16382
16366
16361
16359
16343
16337
16344
16326
16323
16321
16315
16314
16307
16311
16295
16298
16299
16296
16302
16310
16303
16313
16328
16331
16337
16335
16339
16341
16347
16358
16365
16366
16378
16640
16651
16656
16662
16672
16667
16666
16655
16646
16376
16373
16365
16366
16369
16352
16362
16348
16343
16341
16336
16327
16331
16333
16320
16323
16323
16318
16321
16324
16322
16320
16325
16324
16327
16337
16336
16336
