16597
16603
16613
16613
16618
16613
16613
16600
16597
16590
16591
16593
16592
16581
16580
16568
16562
16566
16558
16555
16558
16555
16555
16549
16543
16552
16555
16557
16556
16562
16564
16555
16567
16568
16569
16575
16576
16578
16577
16587
16589
16605
16614
16617
16617
16627
16623
16632
16637
16627
16611
16608
16597
16595
16587
16582
16585
16578
16576
16575
16576
16573
16573
16576
16580
16583
16601
16631
16921
16955
16966
16989
16994
17007
17014
17009
16774
16791
16803
16822
16833
16852
16865
16877
16887
17159
17170
17179
17193
17200
17202
17210
17207
17212
17204
17207
17200
17206
17202
17194
17195
17197
17193
17193
17184
17186
17170
17177
17166
17168
17171
17166
17166
16895
17160
17155
17154
16891
16883
16878
16874
16870
16863
16868
16885
17171
17184
17184
17200
17203
17189
17193
17193
17182
17167
17154
16882
16889
16889
16883
16873
16860
16855
16850
16846
16839
16837
16836
16835
16829
16820
16829
16818
16813
16813
16819
16819
16821
16821
16818
16818
16825
16820
16837
16828
16830
16834
16829
16843
16834
16839
16850
16850
16849
16836
16839
16830
16821
16811
16806
16800
16789
16779
16781
16769
17015
17009
17005
16997
16997
16997
17003
17019
16772
16777
16791
16795
16825
16844
16873
16870
16871
16881
17166
17182
17193
17206
17219
17238
17248
17267
17278
17037
17035
17050
17055
17052
17044
17054
17059
17058
17067
17060
17066
17061
17062
17065
17072
17062
17071
17068
17078
17078
17078
17078
17087
17081
17088
17090
17090
17102
17094
17103
17105
17107
17117
17119
17124
17126
17126
17135
17135
17409
17144
17148
17149
17143
17138
17140
17131
17137
17129
17129
17127
17128
17114
17111
17106
17111
17128
17133
17143
17141
17408
17509
17529
17515
17510
17522
17287
17304
17326
17342
17349
17365
17380
17390
17668
17664
17674
17684
17686
17693
17687
17680
17683
17675
17677
17669
17667
17403
17664
17404
17397
17396
17391
17400
17394
17392
17390
17386
17386
17378
17378
17379
17374
17372
17365
17373
17374
17366
17362
17353
17371
17387
17396
17404
17406
17691
17704
17714
17723
17711
17702
17690
17684
17684
17681
17682
17685
17681
17690
17699
17702
17703
17702
17695
17691
17694
17685
17689
17684
17689
17693
17686
17700
17690
17691
17700
17706
17701
17708
17710
17709
17708
17708
17714
17707
17713
17708
17704
17703
17682
17683
17667
17402
17388
17382
17378
17365
17350
17336
17329
17317
17317
17304
17297
17285
17282
17287
17302
17306
17318
17326
17297
17332
17347
17316
17327
17356
17393
17672
17698
17743
17778
17546
17572
17582
17602
17616
17633
17643
17652
17662
17922
17931
17927
17929
17928
17925
17661
17654
17638
17561
17542
17787
17775
17764
17748
17742
17733
17724
17710
17704
17693
17691
17682
17665
17405
17402
17391
17381
17366
17356
17326
17315
17307
17295
17285
17532
17528
17282
17510
17493
17510
17498
17466
17466
17483
17512
17516
17516
17304
17329
17343
17357
17365
17360
17365
17373
17381
17374
17386
17385
17396
17392
17396
17391
17395
17377
17352
17343
17327
17302
17280
17521
17513
17478
17464
17450
17432
17417
17408
17130
17117
17098
17087
17074
17055
17041
17032
17277
17270
17253
17255
17248
17253
17241
17243
17239
17236
17245
17223
17225
17217
17202
17180
17154
16845
16818
16802
16806
16813
17014
16984
16975
16980
16985
16780
16802
16805
16812
16843
16869
16870
16881
16877
16878
16881
16884
16885
16879
17153
17161
17154
16881
16862
16825
16787
17008
16981
16961
16937
16919
16639
16622
16607
16589
16571
16563
16547
16528
16516
16761
16743
16727
16715
16711
16724
16753
16538
16581
16580
16558
16581
16574
16588
16597
16594
16586
16587
16626
16900
16899
16639
16637
16635
16630
16633
16636
16634
16635
16630
16633
16636
16905
16911
16906
16934
16929
16929
16934
16944
16946
16952
16969
16974
16982
16983
16983
16967
16964
16952
16952
16943
16934
16940
16938
16943
16936
16934
16932
16929
16928
16932
16920
16928
16947
16987
16769
17020
16994
17001
16994
16993
16996
16987
16965
16958
16936
16932
16923
16899
16622
16613
16605
16590
16581
16579
16562
16549
16549
16534
16542
16545
16541
16537
16540
16543
16551
16550
16550
16553
16552
16555
16562
16559
16529
16760
16739
16730
16707
16696
16683
16663
16650
16383
16363
16353
16343
16333
16332
16354
16674
16740
16764
16517
16543
16540
16585
16587
16607
16629
16922
16952
16961
16958
16953
16941
16929
16905
16899
16619
16595
16580
16568
16552
16544
16544
16530
16522
16516
16518
16763
16517
16514
16517
16514
16533
16545
16553
16562
16565
16584
16571
16549
16529
16524
16758
16744
16732
16723
16696
16683
16664
16650
16643
16371
16348
16342
16351
16369
16668
16712
16729
16713
16698
16750
16745
16759
16767
16766
16512
16523
16532
16526
16520
16518
16765
16754
16739
16728
16706
16692
16674
16657
16642
16381
16356
16342
16324
16311
16304
16304
16316
16317
16320
16339
16353
16362
16375
16371
16376
16383
16640
16641
16371
16344
16340
16317
16297
16272
16509
16482
16458
16442
16427
16410
16397
16123
16106
16094
16088
16086
16121
16425
16508
16355
16664
16730
16764
16539
16558
16565
16571
16560
16578
16602
16909
16957
16962
16959
16945
16620
16617
16616
16599
16587
16592
16590
16594
16592
16609
16635
16927
16949
16968
16786
16799
16801
16810
16819
16820
16797
16787
16772
17014
17004
16983
16971
16967
16943
16937
16930
16921
16908
16639
16627
16623
16619
16616
16626
16631
16899
16943
16982
17011
17019
17000
17005
16977
16935
16931
16947
16945
16956
16960
16973
16978
16985
16991
16974
16975
16971
16973
16973
16987
17010
16775
16809
16835
16853
16883
17155
17181
17195
17208
17222
17223
17219
17210
17203
17188
17188
17171
17161
16892
16882
