15999
15747
15755
15762
15761
15767
15773
15776
15788
15792
15796
15807
15808
15821
15830
15833
15841
15848
15859
15866
15870
15871
16144
16154
16142
16129
15855
15845
15828
15824
15825
15823
15818
15803
15803
15787
15789
15786
15784
15783
15782
15775
15776
15790
15784
15780
15788
15791
15796
15803
15799
15811
15812
15821
15823
15831
15828
15843
15844
15844
15857
15868
16131
16136
16142
16150
16156
16167
16172
16176
16185
16196
16194
16214
16199
16190
16180
16168
16162
16157
16152
16143
16139
15870
15861
15851
15848
15860
15848
15847
15846
15844
15841
15848
15857
15855
15866
16135
16134
16146
16142
16149
16154
16147
16160
16169
16177
16183
16186
16192
16203
16207
16220
16217
16235
16243
16253
16005
16006
16018
16027
16030
16041
16056
16055
16042
16037
16011
16007
16253
16243
16235
16237
16224
16211
16196
16195
16189
16186
16187
16186
16185
16181
16189
16189
16193
16198
16199
16200
16207
16218
16219
16216
16233
16241
16239
16246
16254
16003
16010
16011
16026
16029
16038
16046
16052
16057
16066
16071
16082
16095
16101
16105
16106
16127
16387
16115
16097
16091
16079
16077
16061
16053
16057
16054
16041
16041
16028
16021
16019
16021
16014
16019
16010
16008
16019
16012
16023
16010
16018
16019
16025
16029
16028
16040
16037
16046
16054
16051
16058
16065
16070
16072
16080
16089
16089
16094
16123
16127
16387
16392
16403
16408
16411
16409
16416
16416
16408
16386
16119
16116
16103
16103
16096
16092
16084
16082
16074
16067
16062
16060
16066
16062
16060
16053
16055
16055
16058
16059
16062
16064
16055
16061
16058
16069
16069
16064
16072
16075
16078
16083
16084
16088
16086
16094
16102
16105
16105
16108
16119
16121
16385
16387
16396
16397
16394
16387
16117
16100
16092
16083
16049
16043
16028
16028
16015
16013
16004
16011
16008
16008
16002
16255
16253
16252
16250
16246
16250
16254
16247
16255
16005
16007
16008
16012
16017
16013
16023
16029
16027
16036
16040
16043
16045
16061
16065
16061
16069
16077
16073
16081
16065
16054
16036
16015
16004
16242
16238
16224
16218
16198
16178
16144
16139
16134
16132
16136
16131
15871
16128
16135
16128
15867
16136
16138
16134
16143
16143
16142
16144
16147
16150
16149
16168
16164
16169
16181
16186
16190
16203
16200
16206
16211
16225
16228
16230
16249
16253
16244
16228
16207
16193
16184
16179
16175
16157
16149
16136
15858
15862
15848
15854
15848
15852
15842
15841
15832
15836
15848
15846
15857
15844
15848
15854
15865
15858
15863
15865
16130
16138
16148
16146
16154
16149
16160
16171
16003
16007
16016
16020
16022
16016
16002
16251
16223
16219
16217
16216
16204
16199
16190
16179
16173
16174
16165
16162
16160
16158
16156
16151
16165
16153
16151
16152
16159
16163
16164
16179
16177
16178
16181
16195
16194
16191
16197
16204
16213
16218
16224
16234
16242
16253
16246
16002
16007
16018
16025
16033
16044
16051
16058
16062
16063
16054
16049
16044
16027
16009
16000
16003
16251
16003
16251
16252
16253
16253
16005
16001
16002
16024
16028
16031
16045
16039
16039
16051
16061
16066
16066
16076
16089
16393
16399
16406
16416
16423
16423
16428
16446
16451
16464
16459
16468
16453
16444
16432
16430
16433
16420
16422
16413
16405
16409
16407
16397
16398
16393
16396
16400
16401
16406
16399
16405
16416
16403
16407
16422
16421
16431
16434
16436
16438
16439
16449
16458
16462
16470
16476
16482
16491
16490
16499
16509
16509
16267
16275
16280
16291
16292
16301
16305
16318
16328
16339
16341
16338
16345
16333
16328
16322
16325
16309
16317
16311
16306
16303
16303
16301
16303
16300
16294
16298
16300
16297
16299
16295
16299
16311
16308
16322
16322
16324
16329
16334
16340
16337
16345
16351
16355
16364
16366
16373
16377
16641
16383
16647
16654
16661
16664
16678
16684
16684
16695
16684
16674
16673
16668
16670
16671
16668
16658
16652
16648
16652
16646
16646
16649
16644
16641
16647
16640
16644
16649
16651
16649
16657
16651
16660
16667
16666
16663
16673
16678
16685
16684
16690
16695
16705
16703
16714
16719
16727
16730
16734
16745
16755
16761
16761
16758
16757
16751
16743
16728
16724
16728
16721
16719
16708
16698
16695
16693
16676
16680
16678
16676
16671
16676
16670
16670
16672
16673
16671
16665
16677
16672
16674
16681
16681
16686
16683
16699
16703
16715
16715
16721
16720
16734
16736
16740
16750
16749
16755
16755
16513
16767
16751
16747
16739
16735
16722
16721
16712
16703
16697
16684
16679
16672
16664
16667
16660
16655
16657
16654
16646
16654
16650
16651
16653
16651
16645
16658
16660
16656
16655
16667
16663
16673
16670
16682
16680
16684
16691
16695
16695
16700
16711
16720
16719
16722
16726
16731
16741
16747
16743
16755
16761
16764
16747
16738
16736
16728
16720
16717
16711
16711
16704
16684
16679
16673
16681
16669
16667
16670
16662
16659
16655
16653
16655
16653
16653
16651
16659
16664
16659
16662
16662
16664
16666
16673
16673
16681
16690
16684
16698
16698
16710
16701
16722
16719
16727
16730
16730
16743
16741
16753
16763
16761
16516
16764
16766
16753
16746
16739
16730
16733
16726
16724
16710
16698
16695
16688
16692
16689
16681
16687
16683
16682
16688
16684
16685
16700
16696
16697
16708
16706
16705
16715
16711
16721
16730
16729
16739
16748
16753
16758
16763
16757
16521
16521
16532
16531
16542
16549
16550
16548
16553
16552
16541
16529
16520
16525
16520
16766
16515
16735
16732
16731
16733
16732
16730
16732
16721
16723
16727
16727
16725
16734
16744
16741
16741
16740
16745
16752
16749
16757
16763
16766
16767
16765
16518
16532
16530
16536
16544
16543
16552
16567
16571
16578
16570
16587
16591
16598
16599
16608
16609
16602
16588
16583
16576
16580
16578
16575
16570
16560
16562
16553
16562
16555
16554
16559
16547
16557
16551
16557
16556
16554
16555
16553
16566
16569
16567
16578
16576
16582
16582
16587
16600
16612
16616
16626
16623
16635
16896
16896
16905
16907
16914
16924
16928
16932
16941
16951
16955
16953
16948
16939
16931
16927
16923
16917
16909
16914
16914
16903
16908
16638
16902
16899
16638
16897
16900
16896
16904
16638
16901
16907
16904
16906
16908
16917
16915
16930
16939
16938
16942
16944
16949
16957
16960
16968
16967
16967
16980
16984
16989
16996
17006
17002
16997
16988
16990
16985
16979
16977
16970
16968
16963
16961
16953
16952
16945
16953
16946
16945
16941
16939
16944
16944
16945
16950
16949
16952
16948
16958
16955
16952
16958
16965
16970
16971
16974
16977
16990
16982
16988
16996
17007
17000
17011
17013
17023
17017
16771
16778
16775
16790
16787
16783
16777
17023
17016
17005
16994
16992
16992
16987
16976
16966
16963
16965
16956
16956
16946
16948
16950
16946
16945
16948
16942
16949
16938
16945
16934
16941
16951
16940
16951
16946
16951
16945
16958
16960
16969
16973
16969
16975
16966
16979
16981
16975
16983
16999
16993
16995
17010
17000
17014
17009
16999
16993
16985
16976
16971
16964
16959
16954
16948
16945
16927
16931
16919
16930
16920
16926
16919
16913
16911
16911
16915
